7.0 649.299455730991
13.0 614.4919213548764
28.0 554.6105097286928
38.0 634.979381443299
52.0 609.1150341685649
23.0 595.5032389635317
22.0 810.8932661475035
57.0 663.8736684878739
34.0 648.3111407012872
15.0 784.2075746812727
18.0 717.2524820111121
47.0 641.0713180693069
9.0 760.0758228502499
30.0 627.8336243452233
51.0 571.6450629050705
60.0 596.5759162303665
12.0 647.9110639301722
58.0 585.5522624812155
25.0 759.2221439791994
14.0 607.5251525647369
33.0 717.8432665260196
61.0 630.3749564004186
53.0 627.7300391019172
36.0 672.6470469419083
20.0 635.530266920877
56.0 593.6610365729074
42.0 605.6821074064648
24.0 605.6149165015568
6.0 606.5845303203317
35.0 635.4427967856847
26.0 550.8956623681125
27.0 622.2036982682712
1.0 644.0006640106242
21.0 627.3243883188635
11.0 646.4717055279015
8.0 581.5748031496063
55.0 596.01585728444
3.0 620.7614498454622
16.0 585.3870720490547
17.0 667.940234791889
40.0 723.1977077363897
32.0 703.4444865479348
59.0 906.5942524803285
63.0 636.2413289521724
62.0 423.0352941176471
45.0 748.4134615384615
54.0 612.3996518533688
29.0 593.4408284023668
10.0 664.585279433081
49.0 762.4351479722324
37.0 669.1216730038022
19.0 589.5799312419424
31.0 709.2765957446809
39.0 768.0532786885246
2.0 719.0931989924434
44.0 710.1222493887531
50.0 710.1593048515568
43.0 655.8620689655172
46.0 600.6273764258555
41.0 707.1936758893281
5.0 679.2452830188679
4.0 675.3772766695577
48.0 439.2857142857143
