20000589 691.691610455312
20000596 724.3740573152338
20000320 698.5201757240482
20000520 798.858870967742
20000337 738.5334147618216
20000231 484.54515706806285
20000456 721.8019709056781
20000011 764.3862149924535
20000403 486.7920545572635
20000233 703.7098051639474
20000571 660.5141632944537
20000497 710.7924347617908
20000570 687.6281225856296
20000005 643.9118660758247
20000089 542.31182055869
20000423 655.8237808432096
20000657 700.0613765892152
20000309 710.2853881278539
20000161 725.2557251908397
20000178 739.3155129789864
20000235 723.3042121684867
20000653 683.7084019769358
20000009 897.4837696335079
20000648 726.803424325634
20000424 586.2646321070234
20000010 688.1268831603616
20000372 764.1438408569243
20000686 633.0217216411907
20000435 780.9959246051961
20000154 647.5968109339408
20000060 691.9360499122636
20000167 526.7105943152454
20000503 597.4372108393919
20000621 634.5189664650907
20000463 536.5975467289719
20000612 689.4990176817289
20000360 628.7124010554089
20000574 790.509360769101
20000173 638.3523625505006
20000560 655.7206189151599
20000492 633.838376795426
20000112 711.6733537880576
20000305 708.2064504031501
20000004 781.8753799392098
20000620 650.2214793146678
20000671 708.4270270270271
20000341 661.3916617733412
20000015 714.5627644569817
20000307 762.0132035209389
20000171 661.9516283524904
20000201 617.4590823718809
20000007 672.6187063250313
20000199 738.7130631357985
20000611 734.3323863636364
20000398 766.926298157454
20000067 688.0531058282209
20000569 866.3541927409261
20000473 756.1175183933187
20000367 693.1437992600933
20000672 725.6004717992708
20000190 746.8059638807224
20000600 674.324496095878
20000496 908.0181437543615
20000013 716.6350379544547
20000454 614.9077216801019
20000534 1148.8006597549481
20000195 675.9782066211944
20000406 678.2699052963873
20000325 647.3335913312693
20000101 736.3236879942488
20000632 646.7303701141474
20000308 663.602098309695
20000333 736.9604137656654
20000481 671.889880952381
20000486 740.4837576821774
20000450 636.3781031190325
20000545 822.8042959427207
20000665 746.8624390243903
20000012 703.2933645870897
20000688 742.6739958448753
20000540 808.8327057557826
20000436 913.230534076605
20000517 650.7508688494604
20000153 694.4951239333604
20000458 705.9646507666099
20000577 694.2345585449034
20000105 639.7394446557627
20000128 718.3580705009276
20000616 701.4601386481802
20000477 773.6133333333333
20000197 740.7606067267532
20000476 551.8135228963465
20000480 699.4714379514116
20000451 735.657927905218
20000663 524.8028571428572
20000386 693.9251523063533
20000561 715.8249680598649
20000472 631.135
20000280 673.6271676300578
20000565 636.2087912087912
20000432 696.1432869499812
20000329 782.1105010295126
20000073 680.6538007089405
20000397 694.6548672566372
20000285 704.5915153760652
20000286 518.7974683544304
20000024 834.2640795078088
20000239 713.6635141861623
20000578 669.2022471910112
20000514 601.3398752751284
20000152 617.5088495575221
20000515 658.544776119403
20000247 761.1940298507462
20000344 678.6288611176609
20000184 644.1419781221513
20000502 995.6518561824028
20000400 798.3595113438046
20000256 799.4165621079046
20000625 674.0671323905265
20000196 540.5548705302097
20000331 657.2797262617622
20000678 686.0492505353319
20000901 670.2494505494506
20000421 692.4661893396977
20000229 725.8388726402552
20000381 709.5192075380527
20000086 724.8583386992917
20000539 1019.861985472155
20000242 599.3638327115649
20000662 765.3043902439024
20000279 799.5647482014389
20000076 655.296052631579
20000351 752.2007299270073
20000529 782.2207005910336
20000042 696.7403742075151
20000408 712.0103092783505
20000674 774.1187357630979
20000304 674.2667179093005
20000071 733.3480176211453
20000038 577.6756097560975
20000137 782.8188180404354
20000618 658.1933066062402
20000179 741.4362363919129
20000120 737.0202558635394
20000166 683.1206126356094
20000151 676.7352291551629
20000434 835.4203389830509
20000549 664.6773768764814
20000484 648.3495713172252
20000075 780.9442724458204
20000542 727.6157010627356
20000391 739.5726691042048
20000131 739.3854166666666
20000346 759.5484949832776
20000296 814.355421686747
20000058 690.5570971184632
20000429 654.2318567389256
20000268 656.3376623376623
20000051 747.6091703056769
20000623 738.8585562477098
20000021 730.037730153939
20000046 731.4345047923323
20000359 638.7309257375382
20000470 693.0607548327708
20000114 766.178459937565
20000188 760.7879858657244
20000026 617.4052132701422
20000077 718.677286742035
20000499 691.579268292683
20000180 736.976854038734
20000409 629.5098910869082
20000562 879.3041561712846
20000651 858.288814691152
20000669 719.9576442113755
20000607 1209.8406827880513
20000049 777.139598540146
20000272 645.2889245585875
20000189 761.2342487883683
20000455 899.1107692307693
20000144 769.9405250205086
20000100 948.360630407911
20000576 771.2330508474577
20000554 678.6034569138277
20000281 746.6041021671826
20000068 698.0753768844221
20000050 855.3168593064967
20000039 765.4043545878693
20000186 742.9401660463785
20000687 707.9598051157126
20000104 757.9763663220089
20000460 697.0116054158607
20000446 860.3547169811321
20000174 696.872434480581
20000255 661.6907962771459
20000065 700.7628524046435
20000257 865.2747791952895
20000192 695.4656199242014
20000507 1034.9188876013905
20000617 760.6823144104803
20000664 742.1104115133799
20000027 906.63419386264
20000267 684.1655172413793
20000319 597.4952015355086
20000380 687.4893977947413
20000251 642.7238175675676
20000163 1166.4125753660637
20000682 777.4615384615385
20000361 717.1694480102695
20000138 803.5733532934132
20000495 749.1861435726211
20000207 871.3242784380305
20000349 773.2803468208092
20000684 702.7550140176838
20000525 644.6399763918946
20000045 670.5440867739678
20000633 707.0508252063016
20000269 584.6234087694484
20000640 585.0228852347856
20000258 716.739806496199
20000142 888.8197911938266
20000680 652.4895480788374
20000116 937.713999108337
20000001 934.8348457350272
20000254 638.670832450752
20000384 683.6842105263158
20000377 711.282310177706
20000626 670.456305775383
20000294 822.5025380710659
20000692 690.8740435550324
20000030 717.4363151658767
20000579 1182.845953002611
20000249 712.7286135693215
20000440 724.5620634067706
20000271 731.0756875152105
20000057 647.4448398576512
20000675 721.7589490389702
20000588 702.802210724365
20000363 985.2800100452034
20000099 623.8665843113033
20000326 788.6696340257171
20000148 613.5510579576817
20000546 692.2617354196302
20000230 716.8717179294823
20000113 717.9134402654868
20000557 652.6522043386984
20000376 787.50162022035
20000126 604.0403543307086
20000006 625.3523639607494
20000288 737.1787490185815
20000311 857.8471760797343
20000598 730.736057800858
20000352 751.40625
20000111 704.554662940971
20000222 708.4665099882491
20000085 969.2241379310345
20000518 707.2884615384615
20000443 777.0670926517572
20000330 755.0972850678733
20000508 649.5563442768412
20000226 743.8949671772428
20000370 626.7122844827586
20000602 767.8185855825077
20000387 740.5573647294589
20000353 669.2631745029978
20000129 780.5500065711657
20000524 593.7526132404181
20000048 803.510412239694
20000649 618.6513694902957
20000468 692.5181082232638
20000467 719.8938775510204
20000245 663.79173290938
20000123 706.4838353136225
20000601 557.4701011959521
20000093 838.8221933809215
20000031 703.5212361878453
20000487 797.272475027747
20000261 759.2272024729521
20000676 583.0300884955752
20000431 652.6027397260274
20000605 702.919904363419
20000107 679.1631042420256
20000047 625.5623938879456
20000215 670.0452322738387
20000159 874.4388977635783
20000156 772.4633908232997
20000338 787.176545570427
20000289 952.5922671353252
20000410 735.3477508650519
20000198 649.8496605237633
20000685 615.7033248081841
20000074 878.3979829325058
20000516 917.211091234347
20000453 664.3139448173005
20000604 711.12548741581
20000345 735.0223713646533
20000697 755.0772264212948
20000315 828.3568773234201
20000541 770.678545277032
20000158 673.7912578055308
20000136 769.7379565907888
20000693 946.318309859155
20000094 724.0826086956522
20000014 652.2901591895803
20000022 679.2002989536621
20000535 773.8488372093024
20000054 708.9788732394367
20000108 674.4683751363141
20000118 622.4511834319527
20000328 665.1061141990905
20000608 897.4305805986296
20000140 668.5537779185807
20000395 824.3667331038232
20000083 774.0284128020901
20000018 640.5691519635743
20000494 660.7449856733524
20000619 736.4826142949131
20000594 768.2975759264419
20000246 790.1476997578693
20000177 777.6971428571428
20000040 759.8625506985128
20000217 829.62
20000388 692.7463651050081
20000615 708.6764705882352
20000595 715.6328694499668
20000464 799.4938440492476
20000206 1028.972625887124
20000092 647.0966933867735
20000321 670.1065697091274
20000053 719.4260450160772
20000356 725.6450207016779
20000216 672.001071046055
20000667 656.8051948051948
20000681 891.2979410577311
20000036 824.9422442244224
20000017 660.4776720351391
20000310 666.388174807198
20000303 666.1123495318769
20000146 643.9234234234234
20000430 649.1153758800817
20000668 1081.420704845815
20000324 704.7513966480446
20000488 818.0217531768253
20000109 744.4890873015873
20000297 941.9416520979021
20000521 624.8173515981736
20000314 741.1429961089494
20000658 774.9631767515923
20000172 1236.198347107438
20000392 596.9583739045764
20000347 763.6300639658849
20000504 754.8315529991783
20000055 621.6035729476819
20000465 614.9716646989374
20000448 891.8646543330087
20000295 550.4358717434869
20000452 769.484882418813
20000634 866.7817164179105
20000547 646.472148541114
20000080 143.21189279731993
20000903 727.5745650372825
20000008 670.1392326732673
20000603 693.3706563706563
20000041 790.0230591852421
20000252 690.8147161303546
20000327 740.2712765957447
20000513 627.5967700589592
20000095 1027.1641791044776
20000081 743.5878323932312
20000509 708.2931297709923
20000343 750.7025502697401
20000032 693.5553152039555
20000523 757.6038273615635
20000066 365.5657474257309
20000419 817.016515716569
20000426 789.0508474576271
20000044 737.2622478386168
20000483 651.0240652089533
20000243 693.5228888257037
20000586 700.9045725646123
20000527 816.4950980392157
20000624 703.5089820359282
20000342 666.8047232992598
20000273 647.3888605007664
20000981 1.5789473684210527
20000900 643.0766926303176
20000334 726.6479238754325
20000904 1401.605122096486
20000548 708.1147757255936
20000482 678.667255075022
20000157 758.3524258760108
20000037 665.5537190082645
20000276 865.1963439404198
20000572 674.5175568014164
20000160 715.6399609184172
20000373 855.6832298136646
20000084 765.4562523469771
20000119 689.002385923054
20000098 710.3776873910517
20000695 817.597623089983
20000224 758.8123657197422
20000902 2923.1601123595506
20000225 622.3386537126995
20000250 809.0
20000023 730.511583011583
20000597 723.6543778801844
20000606 684.8429432013769
20000263 672.2857142857143
20000941 79.6875
20000610 666.748371082842
20000591 671.9835633116883
20000506 805.0286783042394
20000072 451.2797374897457
20000543 786.4790032302723
20000383 759.5377169559413
20000020 684.4244350282486
20000449 759.7400611620795
20000260 596.5216905187835
20000003 584.3440463645943
20000364 589.4112006137323
20000393 940.0410567654409
20000002 710.2222796588266
20000187 687.710323933815
20000205 3142.4553571428573
20000312 1324.2564102564102
20000510 1622.180616740088
20000389 701.4163452266152
20000340 729.9237804878048
20000500 798.9086484462748
20000407 725.3358464701851
20000980 0.0
20000213 792.6655419654154
20000969 184.672131147541
20000609 782.0698466780239
20000332 754.9732405673
20000121 1045.3485838779957
20000362 593.6965376782077
20000170 556.5
20000585 718.4395973154362
20000185 723.6612426035502
20000264 0.0
20000698 701.5853658536586
20000670 630.3433922996878
20000911 0.0
20000248 645.9868421052631
20000079 885.5882352941177
20000940 0.0
20000970 0.0
20000931 0.0
